[
  [
    0.0,
    0.0,
    1.0
  ],
  [
    0.0,
    0.2,
    0.8
  ],
  [
    0.0,
    0.4,
    0.6
  ],
  [
    0.0,
    0.6,
    0.4
  ],
  [
    0.0,
    0.8,
    0.2
  ],
  [
    0.0,
    1.0,
    0.0
  ],
  [
    0.2,
    0.0,
    0.8
  ],
  [
    0.2,
    0.2,
    0.6
  ],
  [
    0.2,
    0.4,
    0.4
  ],
  [
    0.2,
    0.6,
    0.2
  ],
  [
    0.2,
    0.8,
    0.0
  ],
  [
    0.4,
    0.0,
    0.6
  ],
  [
    0.4,
    0.2,
    0.4
  ],
  [
    0.4,
    0.4,
    0.2
  ],
  [
    0.4,
    0.6,
    0.0
  ],
  [
    0.6,
    0.0,
    0.4
  ],
  [
    0.6,
    0.2,
    0.2
  ],
  [
    0.6,
    0.4,
    0.0
  ],
  [
    0.8,
    0.0,
    0.2
  ],
  [
    0.8,
    0.2,
    0.0
  ],
  [
    1.0,
    0.0,
    0.0
  ],
  [
    0.16666666666666666,
    0.16666666666666666,
    0.6666666666666666
  ],
  [
    0.16666666666666666,
    0.29166666666666663,
    0.5416666666666666
  ],
  [
    0.16666666666666666,
    0.41666666666666663,
    0.41666666666666663
  ],
  [
    0.16666666666666666,
    0.5416666666666666,
    0.29166666666666663
  ],
  [
    0.16666666666666666,
    0.6666666666666666,
    0.16666666666666666
  ],
  [
    0.29166666666666663,
    0.16666666666666666,
    0.5416666666666666
  ],
  [
    0.29166666666666663,
    0.29166666666666663,
    0.41666666666666663
  ],
  [
    0.29166666666666663,
    0.41666666666666663,
    0.29166666666666663
  ],
  [
    0.29166666666666663,
    0.5416666666666666,
    0.16666666666666666
  ],
  [
    0.41666666666666663,
    0.16666666666666666,
    0.41666666666666663
  ],
  [
    0.41666666666666663,
    0.29166666666666663,
    0.29166666666666663
  ],
  [
    0.41666666666666663,
    0.41666666666666663,
    0.16666666666666666
  ],
  [
    0.5416666666666666,
    0.16666666666666666,
    0.29166666666666663
  ],
  [
    0.5416666666666666,
    0.29166666666666663,
    0.16666666666666666
  ],
  [
    0.6666666666666666,
    0.16666666666666666,
    0.16666666666666666
  ]
]